0.000000 1.601212 -1.310080 1.708970 -1.630603 1.538997 -0.350895 1.623315 -0.364490 1.639603 -1.243944 1.524413 -0.526491 1.556751 -0.823464
374.500000 1.571052 -8.661082 1.570939 -3.395000 1.571562 -3.328610 1.571103 -3.753605 1.571994 -3.244234 1.571341 -9.339378 1.574363 -7.376191 1.570407 -3.352643 1.571894 -3.254409 1.574072 -3.960443 1.572595 -2.823335 1.572682 -3.185097 1.570878 -3.158383 1.572745 -4.237840 1.571035 -3.603016 1.570853 -3.546055 1.570765 -3.231489
749.500000 1.570347 -3.766675 1.571658 -3.625794 1.571065 -4.070708 1.570436 -3.762607 1.570386 -3.686756 1.570889 -3.988846 1.571365 -3.521282 1.570131 -3.663911 1.570733 -3.762339 1.571158 -3.477688 1.571265 -3.924028 1.570466 -4.080163 1.570442 -3.612497 1.570896 -3.839704 1.570458 -4.644255 1.571234 -4.113076 1.571281 -3.524011 1.570845 -4.008565 1.571123 -3.913236 1.570841 -3.716767
1124.500000 1.570405 -3.523417 1.570011 -3.664096 1.569864 -3.436549 1.571289 -3.285144 1.567809 -9.288490 1.570675 -3.505169 1.572530 -3.735800 1.570234 -3.817523 1.571401 -4.145315 1.572003 -3.485312 1.572543 -4.003256 1.570097 -3.843672 1.572227 -3.695159 1.569627 -3.719781 1.572549 -3.644827 1.570501 -3.734416 1.570506 -3.835108 1.570062 -3.552129 1.570914 -3.403775 1.570126 -4.080678
1499.500000 1.571056 -4.265690 1.574497 -3.994131 1.572104 -4.362789 1.570876 -3.394541 1.570384 -4.322160 1.570829 -4.654471 1.569644 -7.577872 1.570865 -3.808160 1.571297 -3.715833 1.572427 -3.498349 1.569168 -3.555913 1.571459 -3.576162 1.569943 -4.248279 1.570730 -4.800100 1.571667 -3.480313 1.572364 -4.067937 1.574897 -3.536165 1.570585 -3.523473 1.571362 -3.444128 1.568443 -3.802234
1874.500000 1.572638 -3.917912 1.572253 -3.780435 1.573357 -3.932030 1.572611 -3.735307 1.572089 -3.807146 1.569647 -3.684551 1.572126 -3.593235 1.570492 -3.776602 1.571130 -3.715077 1.569976 -3.613386 1.570132 -3.670066 1.572462 -4.185847 1.569938 -3.866113 1.568707 -3.636753 1.571702 -3.649606 1.568605 -3.800202 1.569222 -3.771257 1.570829 -3.778781 1.572623 -3.597569 1.570992 -4.348736
2249.500000 1.570442 -3.797298 1.570589 -3.848037 1.570785 -3.799347 1.571404 -3.714824 1.571316 -3.884829 1.569487 -3.847613 1.568262 -3.762063 1.569917 -3.797432 1.569811 -3.794457 1.570930 -3.818444 1.571621 -3.832334 1.569855 -3.754492 1.572103 -3.721077 1.570397 -3.763821 1.571459 -3.767012 1.570341 -3.829523 1.571299 -3.797582 1.569238 -3.755331 1.573383 -3.810603 1.571893 -3.742182
2624.500000 1.570711 -3.787253 1.569941 -3.772573 1.570416 -3.780571 1.572223 -3.771545 1.570598 -3.762287 1.571486 -3.785642 1.569699 -3.802359 1.570536 -3.778934 1.569960 -3.765888 1.569728 -3.776928 1.570314 -3.769078 1.571797 -3.790050 1.571491 -3.771667 1.571930 -3.778623 1.569619 -3.757200 1.569939 -3.775761 1.570786 -3.788005 1.570237 -3.782548 1.570878 -3.754594 1.570688 -3.765872
2996.623000 1.570700 -3.771659 1.570868 -3.772252 1.570632 -3.772779 1.570841 -3.771660 1.570326 -3.771365 1.570813 -3.771922 1.570618 -3.773622 1.570737 -3.775894 1.570731 -3.771848 1.570448 -3.773286 1.570566 -3.771107 1.570934 -3.772853 1.571147 -3.769140 1.571242 -3.770217 1.570980 -3.771394 1.570429 -3.773702 1.570846 -3.771089 1.571276 -3.774132 1.570552 -3.774192 1.570943 -3.771027
3202.814000 1.570780 -3.772289 1.570663 -3.772270 1.570650 -3.772440 1.570823 -3.772486 1.570856 -3.772339 1.570734 -3.772208 1.570780 -3.772406 1.570898 -3.772240 1.570785 -3.772343 1.570782 -3.772249 1.570722 -3.772250 1.570851 -3.772501 1.570934 -3.772179 1.570734 -3.772392 1.570867 -3.772498 1.570819 -3.772342 1.570746 -3.772410 1.570812 -3.772372 1.570926 -3.772377 1.570742 -3.772369
3269.213000 1.570776 -3.772286 1.570787 -3.772317 1.570796 -3.772313 1.570786 -3.772280 1.570740 -3.772217 1.570630 -3.772355 1.570890 -3.772300 1.570802 -3.772332 1.570883 -3.772314 1.570726 -3.772452 1.570804 -3.772343 1.570762 -3.772271 1.570945 -3.772330 1.570651 -3.772289 1.570849 -3.772135 1.570658 -3.772201 1.570573 -3.772444 1.570725 -3.772451 1.570895 -3.772343 1.570811 -3.772298
3330.975000 1.570862 -3.772285 1.570774 -3.772301 1.570801 -3.772364 1.570748 -3.772309 1.570719 -3.772420 1.570775 -3.772305 1.570774 -3.772306 1.570794 -3.772293 1.570699 -3.772252 1.570755 -3.772346 1.570814 -3.772350 1.570903 -3.772351 1.570816 -3.772308 1.570909 -3.772221 1.570762 -3.772449 1.570818 -3.772262 1.570690 -3.772362 1.570745 -3.772391 1.570635 -3.772314 1.570947 -3.772323
3389.980000 1.570775 -3.772319 1.570714 -3.772244 1.570799 -3.772247 1.570805 -3.772358 1.570763 -3.772244 1.570845 -3.772227 1.570975 -3.772378 1.570727 -3.772420 1.570872 -3.772392 1.570749 -3.772424 1.570693 -3.772270 1.570616 -3.772396 1.570820 -3.772281 1.570735 -3.772402 1.570731 -3.772429 1.570752 -3.772258 1.570919 -3.772216 1.570786 -3.772303 1.570835 -3.772385 1.570765 -3.772302
3465.057000 1.570558 -3.772147 1.569962 -3.773110 1.570082 -3.772602 1.570597 -3.771985 1.570910 -3.772811 1.570364 -3.772811 1.569581 -3.773139 1.571086 -3.772652 1.570362 -3.772113 1.570789 -3.773318 1.571931 -3.771687 1.570677 -3.772825 1.570572 -3.772395 1.571540 -3.771193 1.571003 -3.771927 1.569343 -3.772641 1.570119 -3.772947 1.571111 -3.772202 1.570950 -3.772159 1.571063 -3.772380
3534.112000 1.569991 -3.773770 1.570427 -3.774528 1.570114 -3.771398 1.569198 -3.773515 1.569412 -3.774693 1.571060 -3.772048 1.570078 -3.772065 1.569733 -3.773273 1.570361 -3.774783 1.570335 -3.772834 1.571378 -3.771195 1.568503 -3.771587 1.569712 -3.771016 1.568812 -3.771746 1.571819 -3.772031 1.570538 -3.771948 1.571762 -3.769713 1.572742 -3.771935 1.572267 -3.771048 1.572055 -3.769878
3615.420000 1.570600 -3.768421 1.574698 -3.771517 1.573737 -3.773116 1.574294 -3.770285 1.566428 -3.776003 1.566077 -3.772980 1.570454 -3.773944 1.568785 -3.773615 1.571204 -3.772080 1.572278 -3.773148 1.571443 -3.770423 1.570187 -3.774559 1.570198 -3.776588 1.569721 -3.771144 1.575191 -3.771235 1.569944 -3.772695 1.569480 -3.773870 1.570358 -3.772483 1.567789 -3.774878 1.572725 -3.770755
3702.765000 1.564789 -3.777384 1.568518 -3.775935 1.570899 -3.770413 1.571562 -3.769726 1.574129 -3.765812 1.571682 -3.772857 1.571037 -3.771318 1.571887 -3.772796 1.572487 -3.775169 1.565991 -3.773974 1.570280 -3.771778 1.570204 -3.771690 1.569371 -3.774547 1.574233 -3.773663 1.569260 -3.775166 1.571770 -3.771945 1.575637 -3.766303 1.568887 -3.774708 1.570153 -3.771578 1.569204 -3.773779
3791.715000 1.574689 -3.772058 1.567790 -3.772770 1.570649 -3.776592 1.566777 -3.772234 1.567456 -3.775534 1.571010 -3.769993 1.573719 -3.774445 1.571026 -3.776470 1.568647 -3.772527 1.570562 -3.772720 1.571973 -3.769708 1.565892 -3.776567 1.567818 -3.777968 1.565943 -3.777557 1.568303 -3.777484 1.575642 -3.774257 1.569197 -3.778172 1.569806 -3.772901 1.567494 -3.775212 1.573814 -3.768261
3878.459000 1.573721 -3.765784 1.568759 -3.773152 1.572448 -3.770008 1.569392 -3.769366 1.573135 -3.767919 1.572928 -3.773773 1.569354 -3.773357 1.572441 -3.774786 1.573401 -3.770973 1.572315 -3.767691 1.572206 -3.778920 1.569842 -3.770159 1.569174 -3.775065 1.568669 -3.774581 1.567959 -3.772973 1.572583 -3.772046 1.570695 -3.769512 1.572029 -3.768722 1.574702 -3.774476 1.573376 -3.770879
3972.817000 1.568209 -3.771189 1.570057 -3.769524 1.570941 -3.773681 1.573168 -3.772975 1.568416 -3.773273 1.572295 -3.765847 1.562924 -3.775541 1.571231 -3.770926 1.569441 -3.772501 1.569969 -3.770772 1.568747 -3.777980 1.570704 -3.772644 1.568281 -3.774888 1.564905 -3.774714 1.569665 -3.774930 1.571569 -3.767945 1.573184 -3.770272 1.570447 -3.771551 1.568131 -3.776943 1.570983 -3.772188
4062.686000 1.572139 -3.772363 1.575629 -3.778358 1.566152 -3.770149 1.575111 -3.769093 1.573097 -3.767971 1.565719 -3.776748 1.565718 -3.771106 1.569043 -3.776698 1.577228 -3.770284 1.574160 -3.767554 1.569017 -3.770364 1.572575 -3.763989 1.566860 -3.776380 1.566776 -3.775510 1.578927 -3.762763 1.574650 -3.769450 1.567489 -3.773515 1.569300 -3.771520 1.568190 -3.774384 1.579631 -3.775708
4156.229000 1.576864 -3.770128 1.567599 -3.779051 1.568446 -3.773053 1.574107 -3.772602 1.582384 -3.760037 1.568677 -3.777245 1.564238 -3.777299 1.576732 -3.775433 1.569755 -3.770898 1.573654 -3.775571 1.575402 -3.769497 1.567614 -3.772190 1.567256 -3.774283 1.578464 -3.768941 1.578327 -3.767456 1.566017 -3.771210 1.572160 -3.772731 1.561986 -3.773708 1.576741 -3.769170 1.569974 -3.771634
4255.967000 1.572834 -3.776406 1.561900 -3.780004 1.572660 -3.767504 1.567532 -3.769329 1.569803 -3.770641 1.572321 -3.776824 1.564160 -3.768711 1.572407 -3.767773 1.568416 -3.782383 1.569134 -3.776449 1.569269 -3.774839 1.574789 -3.769393 1.579206 -3.768836 1.568745 -3.773493 1.571925 -3.762523 1.570862 -3.771512 1.565637 -3.772651 1.570448 -3.769594 1.561704 -3.770825 1.574133 -3.766050
4341.566000 1.573684 -3.769064 1.572469 -3.773667 1.571431 -3.770035 1.574286 -3.771497 1.571482 -3.773167 1.569708 -3.777256 1.579426 -3.766199 1.565204 -3.777304 1.571274 -3.765412 1.575836 -3.765986 1.570921 -3.769275 1.567592 -3.778633 1.561616 -3.782547 1.568795 -3.770736 1.575078 -3.762032 1.564987 -3.774614 1.570399 -3.776663 1.578305 -3.772868 1.567958 -3.774892 1.571646 -3.769391
4423.096000 1.575968 -3.766258 1.563975 -3.776934 1.569103 -3.767152 1.571523 -3.770253 1.569017 -3.773828 1.569976 -3.775897 1.577749 -3.772304 1.571729 -3.766790 1.573592 -3.774293 1.569668 -3.774550 1.565383 -3.774793 1.571537 -3.767954 1.573621 -3.775226 1.574343 -3.769310 1.572603 -3.776185 1.579292 -3.768080 1.579170 -3.771211 1.564294 -3.778423 1.575550 -3.768257 1.572766 -3.771782
4508.981000 1.561717 -3.778506 1.568432 -3.773243 1.571428 -3.775394 1.570792 -3.776015 1.576401 -3.776602 1.570592 -3.772314 1.575645 -3.768137 1.567277 -3.777245 1.568519 -3.773984 1.580156 -3.768019 1.572712 -3.768147 1.572332 -3.771195 1.568160 -3.768330 1.559623 -3.783098 1.573967 -3.771992 1.565937 -3.772907 1.577155 -3.774379 1.575069 -3.768979 1.574601 -3.770291 1.571617 -3.782244
4592.243000 1.562947 -3.785757 1.572272 -3.786572 1.569340 -3.772264 1.570942 -3.770737 1.575500 -3.776196 1.576574 -3.765083 1.576504 -3.774236 1.571603 -3.771365 1.567847 -3.766541 1.568882 -3.774907 1.567759 -3.779439 1.567583 -3.773152 1.579959 -3.764997 1.571669 -3.772831 1.580427 -3.758221 1.566871 -3.775625 1.568792 -3.772923 1.568153 -3.777757 1.560174 -3.777216 1.572808 -3.769398
4681.013000 1.574837 -3.771888 1.566253 -3.777971 1.568843 -3.767743 1.570219 -3.772184 1.575871 -3.779411 1.565910 -3.763823 1.568109 -3.777356 1.575511 -3.769978 1.575832 -3.753831 1.561495 -3.771436 1.570320 -3.771246 1.571782 -3.771404 1.574728 -3.776422 1.566074 -3.766350 1.567113 -3.769894 1.570868 -3.761970 1.571869 -3.768437 1.576087 -3.769655 1.568921 -3.771555 1.571530 -3.771072
4764.166000 1.575817 -3.777212 1.572930 -3.773906 1.566022 -3.771298 1.577318 -3.759776 1.566092 -3.770681 1.579299 -3.769289 1.571451 -3.779778 1.568734 -3.774299 1.566899 -3.769126 1.564753 -3.772547 1.572010 -3.771252 1.576981 -3.768472 1.577784 -3.761950 1.573739 -3.757155 1.561397 -3.774175 1.579831 -3.773536 1.563223 -3.781898 1.574553 -3.772425 1.573333 -3.771825 1.571727 -3.771145
4850.678000 1.575952 -3.770701 1.565329 -3.774100 1.570524 -3.775137 1.567127 -3.770009 1.568152 -3.766129 1.573308 -3.775330 1.563921 -3.762061 1.564127 -3.776662 1.567812 -3.767270 1.572394 -3.766623 1.573277 -3.769504 1.578872 -3.776069 1.564725 -3.782476 1.579042 -3.761965 1.573594 -3.762948 1.567998 -3.787259 1.565056 -3.772925 1.573635 -3.772840 1.576569 -3.766927 1.573746 -3.768831
4939.376000 1.567119 -3.776273 1.575074 -3.766936 1.568321 -3.770332 1.582645 -3.766762 1.567352 -3.762878 1.578235 -3.768662 1.573341 -3.770973 1.563027 -3.772895 1.575241 -3.780077 1.573183 -3.767285 1.572432 -3.774476 1.574954 -3.774664 1.579820 -3.765218 1.569157 -3.764168 1.563894 -3.778597 1.563296 -3.772222 1.570892 -3.778633 1.574003 -3.771029 1.570164 -3.781035 1.573788 -3.775937
5032.226000 1.561511 -3.773590 1.560452 -3.775366 1.564784 -3.777410 1.579204 -3.764458 1.562223 -3.770422 1.566213 -3.775774 1.569721 -3.773020 1.563989 -3.769373 1.571805 -3.768285 1.572646 -3.770546 1.574095 -3.759298 1.571418 -3.765840 1.576013 -3.772882 1.565113 -3.770790 1.574605 -3.766768 1.577856 -3.767129 1.581803 -3.754183 1.556004 -3.774028 1.572203 -3.770289 1.568071 -3.777434
5126.190000 1.555997 -3.778321 1.569659 -3.768341 1.563588 -3.779740 1.575078 -3.774322 1.574342 -3.769703 1.574005 -3.773090 1.573813 -3.770222 1.575947 -3.764568 1.579043 -3.762039 1.584187 -3.760835 1.562053 -3.780833 1.567939 -3.765416 1.572038 -3.768568 1.567434 -3.772632 1.559376 -3.768123 1.579760 -3.758099 1.562876 -3.777417 1.574521 -3.772597 1.582208 -3.775895 1.585848 -3.754462
5217.240000 1.573542 -3.778023 1.571423 -3.770863 1.572844 -3.772772 1.579326 -3.754996 1.574527 -3.769613 1.582933 -3.763125 1.578488 -3.761630 1.570966 -3.786833 1.571829 -3.775759 1.571233 -3.767323 1.572348 -3.764871 1.570632 -3.781809 1.574649 -3.776779 1.571135 -3.774151 1.565752 -3.771661 1.578562 -3.771034 1.569818 -3.753198 1.579720 -3.769687 1.567254 -3.768607 1.571196 -3.767927
5311.090000 1.567080 -3.769140 1.576009 -3.761294 1.575762 -3.772375 1.558884 -3.780906 1.578431 -3.758388 1.568979 -3.768710 1.572587 -3.764904 1.572096 -3.776851 1.577819 -3.767629 1.559238 -3.768234 1.567855 -3.762396 1.573228 -3.773532 1.557025 -3.783806 1.578992 -3.772431 1.575654 -3.767561 1.566575 -3.762329 1.568692 -3.766242 1.568732 -3.779680 1.575762 -3.756687 1.560187 -3.773507
5408.165000 1.581580 -3.770104 1.562532 -3.766699 1.573027 -3.784463 1.570744 -3.777457 1.563198 -3.776280 1.558261 -3.780118 1.562612 -3.774912 1.576724 -3.777930 1.570409 -3.782168 1.566819 -3.778031 1.570549 -3.770417 1.569460 -3.776457 1.572658 -3.770292 1.553734 -3.778329 1.556844 -3.787164 1.567953 -3.779777 1.566042 -3.769995 1.571786 -3.780230 1.568477 -3.771362 1.578384 -3.763413
5589.808000 1.570646 -3.783174 1.572865 -3.776718 1.577755 -3.773168 1.572569 -3.772230 1.579425 -3.769168 1.572931 -3.764756 1.565741 -3.779316 1.573253 -3.766827 1.564477 -3.770090 1.569049 -3.773838 1.572033 -3.768048 1.568747 -3.778612 1.562051 -3.775562 1.566505 -3.775846 1.577284 -3.785600 1.569889 -3.773393 1.558935 -3.787454 1.547720 -3.794743 1.568389 -3.771226 1.569122 -3.769147
