0.000000 1.624531 -0.647702 1.676243 -1.187314 1.700722 -1.945689 1.550017 -2.902610 1.507948 -0.505650 1.609742 -0.702425 1.603475 -0.443767 1.629353 -1.541672 1.639752 -1.611044
374.500000 1.571121 -3.755576 1.570655 -7.385712 1.570429 -6.763663 1.576378 -4.697998 1.568919 -3.947510 1.571795 -3.043562 1.571061 -3.318881 1.569603 -8.723907 1.569488 -8.755488 1.575674 -2.886738 1.570415 -2.985408 1.571753 -3.340732 1.571784 -3.092354 1.567178 -4.332029 1.568989 -2.914008
749.500000 1.571690 -3.586503 1.571235 -3.881543 1.570597 -3.590152 1.571403 -3.579518 1.571092 -4.260282 1.570428 -3.746629 1.571072 -4.291845 1.570560 -3.567276 1.570984 -3.598373 1.570835 -3.588333 1.571134 -4.098558 1.571700 -3.710949 1.569565 -3.715327 1.571372 -3.519051 1.572148 -3.460931 1.570742 -4.002838 1.571201 -4.111459 1.570739 -3.858163 1.570797 -3.718403 1.572330 -3.579740
1124.500000 1.571731 -3.815607 1.569379 -3.628723 1.573136 -3.281589 1.571190 -4.044259 1.571229 -3.710176 1.570465 -3.547128 1.571743 -3.741050 1.570917 -3.564725 1.570394 -5.084370 1.571790 -3.493718 1.570842 -4.312156 1.572354 -3.506311 1.570493 -3.902350 1.569422 -3.830050 1.570386 -3.715748 1.571106 -3.715808 1.571221 -4.823336 1.570801 -3.925587 1.573301 -3.700591 1.569829 -6.078566
1499.500000 1.571794 -4.371521 1.571460 -3.566977 1.570172 -4.075609 1.570123 -3.961661 1.571269 -3.751485 1.571309 -3.900536 1.571166 -4.497326 1.568659 -3.914457 1.570289 -4.053223 1.572071 -4.120016 1.570536 -9.279544 1.570599 -4.975292 1.570170 -3.996500 1.571778 -3.929051 1.570315 -3.443814 1.568234 -3.617765 1.571893 -3.512319 1.570629 -3.558926 1.570905 -4.256662 1.568885 -3.976937
1874.500000 1.570775 -4.308074 1.568730 -3.594194 1.569995 -3.581480 1.569705 -4.419495 1.569688 -3.719598 1.569102 -3.771320 1.570053 -3.610234 1.572372 -3.757937 1.571293 -3.768810 1.573346 -3.869859 1.572750 -3.991464 1.574328 -3.537303 1.569153 -3.762638 1.570334 -3.852050 1.571437 -3.916659 1.569610 -4.021805 1.572692 -4.081380 1.570849 -3.817154 1.572499 -3.579681 1.570690 -3.704524
2249.500000 1.570671 -3.720195 1.572495 -3.716240 1.570149 -3.779735 1.570914 -3.741527 1.570156 -3.768047 1.569996 -3.761330 1.569343 -3.739309 1.570998 -3.702304 1.569415 -3.748393 1.571608 -3.698084 1.570197 -3.802416 1.570153 -3.827811 1.571761 -3.785877 1.570120 -3.671342 1.569401 -3.772686 1.572042 -3.760667 1.570549 -3.811717 1.569917 -3.796832 1.571211 -3.796056 1.573251 -3.707004
2624.500000 1.570094 -3.766365 1.570924 -3.783037 1.570980 -3.769612 1.569975 -3.785925 1.570886 -3.778129 1.571026 -3.771178 1.571395 -3.786804 1.571375 -3.767054 1.571909 -3.782726 1.570344 -3.765348 1.570746 -3.764780 1.570808 -3.773954 1.571515 -3.771723 1.572132 -3.767478 1.570098 -3.769055 1.570150 -3.777574 1.570466 -3.782871 1.570817 -3.772530 1.570389 -3.790905 1.571878 -3.780527
2996.623000 1.570841 -3.775340 1.570552 -3.771266 1.570933 -3.772783 1.571063 -3.777516 1.570677 -3.775431 1.570394 -3.773010 1.570868 -3.776180 1.571039 -3.774278 1.570934 -3.780002 1.570770 -3.775302 1.571002 -3.774664 1.570899 -3.770699 1.570825 -3.772827 1.570810 -3.774732 1.570342 -3.774440 1.570692 -3.774018 1.570922 -3.769196 1.570932 -3.776289 1.570724 -3.773516 1.570933 -3.778213
3202.814000 1.570777 -3.772442 1.570636 -3.772530 1.570907 -3.772436 1.570854 -3.772395 1.570686 -3.772640 1.570713 -3.772462 1.570815 -3.772526 1.570698 -3.772552 1.570693 -3.772658 1.571038 -3.772286 1.570747 -3.772695 1.570785 -3.772615 1.570796 -3.772474 1.570759 -3.772695 1.570712 -3.772656 1.570766 -3.772254 1.570707 -3.772474 1.570781 -3.772606 1.570818 -3.772613 1.570701 -3.772544
3269.213000 1.570888 -3.772380 1.570754 -3.772532 1.570900 -3.772386 1.570717 -3.772323 1.570705 -3.772440 1.570709 -3.772398 1.570961 -3.772445 1.570740 -3.772375 1.570669 -3.772280 1.570743 -3.772341 1.570768 -3.772281 1.570751 -3.772464 1.570812 -3.772356 1.570624 -3.772527 1.570825 -3.772431 1.570908 -3.772449 1.570678 -3.772431 1.570832 -3.772442 1.570673 -3.772415 1.570704 -3.772282
3330.975000 1.570787 -3.772283 1.570825 -3.772357 1.570925 -3.772300 1.570879 -3.772252 1.570825 -3.772336 1.570699 -3.772262 1.570870 -3.772326 1.570723 -3.772360 1.570899 -3.772307 1.570718 -3.772302 1.570796 -3.772411 1.570910 -3.772108 1.570803 -3.772329 1.570840 -3.772364 1.570788 -3.772386 1.570625 -3.772430 1.570833 -3.772327 1.570788 -3.772391 1.570893 -3.772386 1.570628 -3.772249
3389.980000 1.570755 -3.772220 1.570855 -3.772292 1.570814 -3.772300 1.570787 -3.772202 1.570741 -3.772273 1.570769 -3.772300 1.570787 -3.772235 1.570821 -3.772371 1.570935 -3.772276 1.570852 -3.772364 1.570851 -3.772488 1.570850 -3.772370 1.570854 -3.772389 1.570638 -3.772328 1.570727 -3.772285 1.570801 -3.772248 1.570845 -3.772361 1.570756 -3.772158 1.570829 -3.772270 1.570783 -3.772388
3465.057000 1.570091 -3.773945 1.570463 -3.772496 1.570896 -3.773278 1.571977 -3.771755 1.570748 -3.770774 1.570798 -3.771274 1.569036 -3.773098 1.570720 -3.772435 1.570968 -3.773104 1.571143 -3.771845 1.570715 -3.773148 1.571140 -3.772668 1.571158 -3.770503 1.571306 -3.772100 1.571076 -3.772093 1.570679 -3.771817 1.571124 -3.772171 1.569766 -3.772079 1.569366 -3.772973 1.570374 -3.772518
3534.112000 1.572239 -3.772255 1.570009 -3.772324 1.571852 -3.768840 1.568705 -3.775190 1.569073 -3.772534 1.573062 -3.771985 1.569576 -3.775152 1.570871 -3.772445 1.572251 -3.772282 1.569893 -3.773153 1.569115 -3.769251 1.573437 -3.769785 1.571852 -3.770717 1.572828 -3.771296 1.569163 -3.772447 1.571263 -3.773377 1.571785 -3.770177 1.572322 -3.772751 1.570339 -3.773351 1.570181 -3.772608
3615.420000 1.572565 -3.769302 1.574145 -3.774111 1.572070 -3.774334 1.572944 -3.773462 1.566463 -3.773537 1.574010 -3.768772 1.572005 -3.770621 1.572669 -3.772497 1.573428 -3.773160 1.571602 -3.767163 1.574331 -3.772882 1.573845 -3.767297 1.574342 -3.771919 1.568739 -3.772277 1.567131 -3.772936 1.566413 -3.771701 1.571904 -3.770491 1.571444 -3.770641 1.571028 -3.772768 1.566149 -3.776292
3702.765000 1.568204 -3.772401 1.565880 -3.777270 1.568923 -3.775147 1.565186 -3.772166 1.571725 -3.772652 1.573009 -3.771990 1.571322 -3.775063 1.569134 -3.773077 1.567890 -3.775258 1.571199 -3.771616 1.571205 -3.770554 1.575312 -3.769931 1.572688 -3.766748 1.570131 -3.769285 1.569004 -3.775668 1.572288 -3.771657 1.571647 -3.773794 1.570490 -3.770963 1.569787 -3.770746 1.563799 -3.772631
3791.715000 1.572929 -3.770631 1.569801 -3.773384 1.569826 -3.770197 1.571099 -3.772209 1.569394 -3.771604 1.570467 -3.770828 1.573088 -3.776812 1.564549 -3.777541 1.567991 -3.775668 1.570411 -3.775027 1.569304 -3.771980 1.565444 -3.777829 1.569319 -3.774624 1.568869 -3.771725 1.575796 -3.767252 1.569009 -3.779166 1.570957 -3.774610 1.569818 -3.772623 1.572141 -3.771869 1.572860 -3.768411
3878.459000 1.571931 -3.773700 1.568127 -3.771148 1.574961 -3.771875 1.567713 -3.777294 1.572354 -3.774761 1.568736 -3.778630 1.566542 -3.773620 1.575333 -3.768491 1.576531 -3.764570 1.566897 -3.773090 1.575053 -3.778207 1.566354 -3.776181 1.568888 -3.771557 1.569696 -3.770148 1.581421 -3.762735 1.565998 -3.775037 1.573607 -3.775318 1.570645 -3.774321 1.569803 -3.771158 1.575706 -3.768884
3972.817000 1.569711 -3.776025 1.566392 -3.778013 1.574073 -3.773270 1.572796 -3.773250 1.573936 -3.768366 1.568983 -3.773801 1.571309 -3.774453 1.574757 -3.770148 1.571890 -3.774220 1.567910 -3.776027 1.570323 -3.772093 1.565331 -3.778098 1.570994 -3.777294 1.570486 -3.774884 1.567279 -3.769464 1.574631 -3.772763 1.579291 -3.768186 1.567830 -3.770756 1.571104 -3.774133 1.574869 -3.766931
4062.686000 1.569681 -3.776686 1.572286 -3.767096 1.567728 -3.780360 1.574502 -3.776011 1.568194 -3.772538 1.568875 -3.776759 1.570644 -3.767230 1.576584 -3.766224 1.564774 -3.777430 1.578619 -3.767491 1.569682 -3.776274 1.578448 -3.766562 1.569558 -3.771553 1.568534 -3.770454 1.570413 -3.769233 1.564063 -3.775636 1.571880 -3.772877 1.580180 -3.765382 1.573445 -3.771305 1.569295 -3.768720
4156.229000 1.581238 -3.771951 1.571678 -3.772627 1.571123 -3.769396 1.579899 -3.769531 1.572158 -3.772614 1.577378 -3.772236 1.574264 -3.773385 1.576186 -3.775660 1.570755 -3.773192 1.572469 -3.774417 1.572763 -3.774396 1.571786 -3.768393 1.575815 -3.770243 1.567022 -3.772638 1.577494 -3.769214 1.575820 -3.773189 1.576012 -3.763092 1.573320 -3.771231 1.574581 -3.772877 1.568223 -3.770209
4255.967000 1.574013 -3.765354 1.571749 -3.775584 1.571885 -3.774988 1.574160 -3.767500 1.572979 -3.766108 1.580883 -3.761295 1.574437 -3.777688 1.569288 -3.770324 1.565954 -3.771737 1.563827 -3.773899 1.574064 -3.762967 1.564495 -3.770443 1.573047 -3.770049 1.570173 -3.776215 1.574901 -3.775775 1.576102 -3.773323 1.569074 -3.773793 1.570953 -3.762686 1.578901 -3.771984 1.575127 -3.767578
4341.566000 1.575210 -3.779271 1.577241 -3.773023 1.565604 -3.784869 1.563455 -3.772809 1.573615 -3.770333 1.567214 -3.772030 1.570794 -3.778134 1.571852 -3.772406 1.567896 -3.771546 1.564774 -3.771022 1.582023 -3.765321 1.573590 -3.763865 1.569128 -3.778439 1.565629 -3.785013 1.568704 -3.776138 1.574451 -3.765509 1.572479 -3.772209 1.574559 -3.769229 1.569623 -3.776437 1.572852 -3.768308
4423.096000 1.570581 -3.765552 1.577299 -3.776804 1.566783 -3.770101 1.577573 -3.766253 1.567540 -3.771070 1.577190 -3.768982 1.574181 -3.770297 1.573398 -3.764967 1.565810 -3.780585 1.573610 -3.770720 1.573091 -3.761475 1.574242 -3.765608 1.567513 -3.775602 1.580598 -3.759199 1.575625 -3.770664 1.562370 -3.784524 1.570321 -3.779619 1.572461 -3.773382 1.566070 -3.773310 1.566841 -3.779228
4508.981000 1.576329 -3.759825 1.570759 -3.772034 1.567742 -3.779107 1.576741 -3.769020 1.568184 -3.781772 1.572826 -3.775447 1.572563 -3.780445 1.576405 -3.762450 1.564042 -3.777334 1.567741 -3.781059 1.567683 -3.767865 1.576301 -3.757175 1.567900 -3.776186 1.576172 -3.769367 1.578234 -3.779362 1.564160 -3.779540 1.566726 -3.780926 1.566601 -3.777251 1.574026 -3.769846 1.569837 -3.774052
4592.243000 1.565880 -3.768007 1.575108 -3.767623 1.567338 -3.781131 1.563691 -3.777964 1.562984 -3.774711 1.581647 -3.765858 1.566218 -3.778675 1.574356 -3.774790 1.574262 -3.776670 1.573158 -3.771636 1.567739 -3.773471 1.565610 -3.784552 1.568876 -3.770838 1.573993 -3.768429 1.572502 -3.771922 1.581543 -3.769627 1.567959 -3.774265 1.576736 -3.773526 1.571958 -3.777332 1.573373 -3.768698
4681.013000 1.572384 -3.777474 1.570601 -3.772447 1.577903 -3.767710 1.566511 -3.769983 1.570987 -3.776276 1.573472 -3.775896 1.576503 -3.763550 1.582687 -3.767974 1.573828 -3.774702 1.578926 -3.770525 1.570377 -3.778189 1.568763 -3.766471 1.572735 -3.765008 1.582973 -3.763488 1.569970 -3.768118 1.572067 -3.764296 1.568757 -3.764204 1.577339 -3.764020 1.562388 -3.775345 1.581156 -3.763891
4764.166000 1.574824 -3.775761 1.573705 -3.779350 1.576744 -3.772430 1.568274 -3.771591 1.570254 -3.769146 1.553573 -3.786505 1.570000 -3.770953 1.565089 -3.779893 1.574127 -3.773125 1.574361 -3.778353 1.574707 -3.770610 1.563923 -3.774517 1.571450 -3.765262 1.574887 -3.768069 1.569067 -3.776678 1.572312 -3.773048 1.580633 -3.768857 1.569040 -3.782698 1.562896 -3.779956 1.562207 -3.769556
4850.678000 1.581293 -3.764177 1.562709 -3.770623 1.578573 -3.766916 1.592476 -3.761110 1.570937 -3.766499 1.565425 -3.780475 1.589569 -3.765542 1.579885 -3.770862 1.579677 -3.777215 1.570870 -3.764331 1.570971 -3.776074 1.569597 -3.768281 1.569971 -3.779649 1.571492 -3.774040 1.568802 -3.765288 1.571844 -3.770347 1.574315 -3.770451 1.570254 -3.772442 1.568715 -3.770766 1.575608 -3.770792
4939.376000 1.573801 -3.767925 1.575808 -3.769231 1.575982 -3.771521 1.575955 -3.767633 1.572549 -3.774010 1.572388 -3.781414 1.563612 -3.775463 1.558821 -3.770641 1.563361 -3.776867 1.571615 -3.769942 1.569236 -3.773136 1.568738 -3.765846 1.566950 -3.774029 1.567838 -3.767972 1.559073 -3.776393 1.570395 -3.772416 1.575714 -3.773290 1.554828 -3.782408 1.565424 -3.778837 1.561405 -3.771743
5032.226000 1.565850 -3.773856 1.569880 -3.781592 1.579125 -3.757414 1.564617 -3.786513 1.570191 -3.768756 1.576008 -3.768394 1.574005 -3.768619 1.570931 -3.765706 1.578940 -3.768155 1.569794 -3.778502 1.566923 -3.772721 1.581476 -3.767022 1.580522 -3.769899 1.567771 -3.773784 1.565355 -3.775262 1.564322 -3.771430 1.572108 -3.772143 1.569974 -3.769778 1.565748 -3.788849 1.570088 -3.770475
5126.190000 1.574719 -3.768061 1.579944 -3.767130 1.579430 -3.769937 1.575894 -3.757185 1.574426 -3.765107 1.572737 -3.775890 1.571376 -3.776411 1.576534 -3.766975 1.559509 -3.768315 1.576849 -3.770180 1.559425 -3.777201 1.581663 -3.771083 1.572366 -3.778425 1.570194 -3.761845 1.574866 -3.778987 1.576489 -3.771573 1.563837 -3.771001 1.573544 -3.773434 1.570142 -3.769925 1.582157 -3.757023
5217.240000 1.572099 -3.754390 1.560192 -3.779443 1.582485 -3.762092 1.580732 -3.768418 1.565201 -3.777285 1.572279 -3.766998 1.568108 -3.773025 1.570282 -3.772041 1.558425 -3.777637 1.563451 -3.775706 1.567292 -3.779559 1.577472 -3.767995 1.571345 -3.774231 1.558044 -3.779303 1.581318 -3.769680 1.560931 -3.771373 1.569374 -3.772914 1.570926 -3.768550 1.563362 -3.781714 1.571837 -3.773320
5311.090000 1.568923 -3.768792 1.572554 -3.764790 1.586510 -3.773333 1.574646 -3.758989 1.566899 -3.772935 1.571178 -3.770806 1.575919 -3.767991 1.558175 -3.801523 1.576230 -3.764083 1.568429 -3.784754 1.556269 -3.787763 1.579573 -3.759201 1.572592 -3.776144 1.564811 -3.776914 1.554103 -3.778579 1.584480 -3.771600 1.571622 -3.773372 1.574233 -3.782698 1.570438 -3.772087 1.575096 -3.769090
5408.165000 1.562418 -3.776604 1.557592 -3.774869 1.584217 -3.768746 1.559316 -3.784767 1.576158 -3.778035 1.572388 -3.765442 1.557795 -3.775936 1.576488 -3.778343 1.575858 -3.765252 1.577330 -3.764068 1.571873 -3.774722 1.571250 -3.776811 1.574228 -3.773649 1.562829 -3.779563 1.570448 -3.774030 1.562162 -3.780688 1.588846 -3.764333 1.579902 -3.780635 1.567634 -3.779222 1.565273 -3.773805
5589.808000 1.569770 -3.772805 1.557181 -3.771567 1.555231 -3.790540 1.563281 -3.785354 1.560000 -3.776559 1.562974 -3.785196 1.563855 -3.781813 1.567824 -3.777073 1.562729 -3.778794 1.561929 -3.774853 1.573382 -3.768042 1.576933 -3.777269 1.560286 -3.779477 1.562640 -3.776326 1.583571 -3.770163 1.567113 -3.773452 1.577874 -3.763435 1.564077 -3.792419 1.561266 -3.769379 1.570997 -3.773530
