0.000000 3.055968 2.747313 2.314014
996.000000 4.197887 4.213142 4.194353 4.200418 4.188250 4.192193 4.208088 4.187428 4.192705 4.208843
1496.000000 4.198512 4.193428 4.189042 4.185338 4.193528 4.191122 4.195968 4.191194 4.186529 4.189979
1996.000000 4.190401 4.191668 4.191473 4.190710 4.190293 4.191922 4.192304 4.191745 4.190433 4.190589
2226.790821 4.186751 4.201516 4.180744 4.194699 4.187018 4.186566 4.181399 4.176763 4.184102 4.198066
2278.283778 4.203753 4.179702 4.198560 4.215230 4.189671 4.204155 4.189350 4.167366 4.191139 4.189623
2331.658504 4.186747 4.178686 4.200788 4.189070 4.191521 4.201411 4.187312 4.168830 4.191641 4.201894
2367.549582 4.201798 4.204695 4.168386 4.158406 4.150592 4.193561 4.191606 4.242451 4.180451 4.212372
2418.803455 4.224827 4.174083 4.192821 4.187481 4.215869 4.178887 4.180104 4.187664 4.197503 4.176327
2481.101140 4.186624 4.206037 4.196377 4.187286 4.198546 4.206213 4.194340 4.193964 4.144461 4.215779
2534.466653 4.220843 4.197465 4.222098 4.231938 4.187831 4.211567 4.227526 4.164256 4.168017 4.199884
2591.984920 4.170441 4.191689 4.205136 4.184791 4.162470 4.178788 4.176100 4.155758 4.190801 4.136338
2648.048501 4.197880 4.214411 4.226626 4.153320 4.176801 4.210205 4.195768 4.165816 4.144018 4.206944
2707.129715 4.150869 4.204596 4.219617 4.282111 4.245444 4.155140 4.237924 4.231389 4.259769 4.180689
2764.133439 4.210461 4.151272 4.188430 4.216956 4.152307 4.151679 4.157834 4.239918 4.167383 4.213105
2818.683335 4.180085 4.139883 4.196211 4.189440 4.147583 4.194921 4.107558 4.155309 4.185339 4.228901
2870.218597 4.188784 4.255575 4.147687 4.205237 4.145425 4.225297 4.157203 4.216736 4.205146 4.210327
2926.909886 4.164377 4.163633 4.149402 4.260001 4.184149 4.225387 4.240768 4.243138 4.230651 4.151297
2981.778172 4.221824 4.164832 4.171744 4.231650 4.230489 4.154708 4.185375 4.205361 4.189141 4.206375
3036.960396 4.087797 4.195606 4.180660 4.141658 4.246979 4.260416 4.254850 4.176419 4.239423 4.082551
3092.120768 4.210210 4.239687 4.164899 4.109398 4.187319 4.212687 4.202699 4.203315 4.169696 4.219055
3151.348090 4.209780 4.188781 4.177595 4.133224 4.204707 4.198073 4.191482 4.165854 4.235493 4.217573
3207.886998 4.184272 4.176862 4.092592 4.173936 4.228194 4.202888 4.228084 4.213565 4.185965 4.150226
3267.743646 4.186241 4.148436 4.120611 4.223935 4.015396 4.102148 4.179851 4.054162 4.203308 4.276159
3323.735991 4.155208 4.207342 4.229297 4.120099 4.204965 4.122739 4.248089 4.158639 4.120529 4.189436
3386.663544 4.211010 4.266272 4.218396 4.090264 4.110289 4.213863 4.191048 4.133968 4.169967 4.129133
3436.575461 4.190467 4.180786 4.232376 4.222311 4.311056 4.217670 4.202697 4.143419 4.198951 4.213366
3484.714014 4.239404 4.113431 4.145302 4.236883 4.189525 4.130964 4.256130 4.236500 4.235016 4.216333
3535.881266 4.144461 4.218964 4.189885 4.145402 4.216761 4.249695 4.218581 4.124150 4.259741 4.178225
3586.024779 4.175852 4.237748 4.139040 4.196132 4.245382 4.221100 4.189113 4.055151 4.135886 4.131464
3638.240311 4.210222 4.163023 4.175407 4.186736 4.165048 4.309203 4.168503 4.128406 4.141439 4.273606
3687.766053 4.184950 4.361183 4.260862 4.179585 4.203271 4.143381 4.188233 4.228158 4.193146 4.222980
3739.773762 4.104927 4.176512 4.233252 4.262400 4.226774 4.349211 4.122639 4.205577 4.284607 4.259691
3793.367043 4.182539 4.178334 4.212562 4.168816 4.235856 4.188216 4.225655 4.158703 4.206501 4.105630
3843.428104 4.106806 4.211239 4.145881 4.184851 4.221745 4.250412 4.148684 4.221935 4.230816 4.166662
3891.497910 4.131041 4.246505 4.248541 4.146446 4.285457 4.120519 4.154999 4.215368 4.238445 4.243940
3943.387815 4.285635 4.155779 4.206441 4.101447 4.125433 4.332678 4.251819 4.011718 4.202510 4.155373
3997.301249 4.254603 4.231653 4.203487 4.193271 4.140719 4.186001 4.139085 4.212431 4.215111 4.109553
4047.861717 4.213174 4.202193 4.180347 4.146982 4.232703 4.244544 4.116415 4.156864 4.140447 4.250642
4109.317157 4.209003 4.061307 4.161766 4.158026 4.227149 4.101730 4.270725 4.172835 4.279812 4.338527
4167.196007 4.211664 4.175297 4.142093 4.224610 4.261200 4.229545 4.164848 4.092727 4.178682 4.237440
4221.689830 4.202075 4.296877 4.254943 4.207157 4.069975 4.096722 4.199017 4.189710 4.270322 4.112026
4278.533424 4.208294 4.267277 4.242981 4.241617 4.268425 4.220421 4.255392 4.272438 4.208308 4.200201
4338.475340 4.220291 4.235728 4.223243 4.191994 4.196353 4.170364 4.255503 4.176264 4.113805 4.247914
4395.371299 4.120392 4.168493 4.142718 4.243547 4.074437 4.180226 4.168522 4.316498 4.175594 4.123534
4451.790467 4.267069 4.245395 4.137870 4.269444 4.265554 4.220928 4.170256 4.163101 4.122795 4.196636
4510.984314 4.211587 4.310821 4.094191 4.155162 4.188026 4.287337 4.312400 4.312752 4.219512 4.184162
4569.800484 4.196676 4.296541 4.067765 4.236251 4.063635 4.223002 4.146800 4.150872 4.185575 4.216120
4630.413356 4.212262 4.154407 4.248217 4.172238 4.187765 4.107366 4.217660 4.317800 4.291367 4.130351
4687.407433 4.085196 4.257258 4.208939 4.280221 4.126240 4.238155 4.287975 4.077508 4.232636 4.078580
4785.043011 4.196615 4.268489 4.102950 4.209123 4.168592 4.395598 4.103564 4.309390 4.184521 4.330267
