0.0 6770000.0 0.0
46.0 6769808.7919613635 0.05169862057782902
96.0 6769167.804784836 0.10789957480178863
146.0 6768077.5214663 0.16411489550622807
196.0 6766541.232800494 0.22035202927349087
246.0 6764563.585110028 0.2766183694878862
296.0 6762150.571710036 0.33292123810449087
346.0 6759309.52176201 0.3892678672397604
396.0 6756049.086485718 0.44566538068670153
446.0 6752379.2226724215 0.50212077535766
496.0 6748311.173379426 0.5586409025638653
546.0 6743857.445730526 0.6152324492130113
596.0 6739031.785695133 0.6719019189043972
646.0 6733849.149762658 0.7286556129311628
696.0 6728325.673338696 0.7854996111070438
746.0 6722478.635763825 0.8424397526773184
796.0 6716326.421816025 0.8994816170311647
846.0 6709888.479565177 0.9566305045921729
896.0 6703185.274456099 1.013891417718356
946.0 6696238.239566621 1.0712690414648502
996.0 6689069.7215653155 1.1287677247920054
1046.0 6681702.922717524 1.186391461957813
1096.0 6674161.838585054 1.2441438742430406
1146.0 6666471.19135865 1.3020281921313352
1196.0 6658656.358794327 1.3600472376968287
1246.0 6650743.298422027 1.4182034077139747
1296.0 6642758.467076133 1.4764986578390884
1346.0 6634728.736065301 1.5349344869510517
1396.0 6626681.300825294 1.593511921671953
1446.0 6618643.585468313 1.6522315038663051
1496.0 6610643.142893067 1.711093277799308
1546.0 6602707.5491525475 1.7700967777207268
1596.0 6594864.291621445 1.8292410174496618
1646.0 6587140.651524141 1.888524479496176
1696.0 6579563.5779974675 1.9479451053900945
1746.0 6572159.554229301 2.0075002852379265
1796.0 6564954.453536647 2.0671868485197917
1846.0 6557973.382397462 2.127001051299636
1896.0 6551240.505964554 2.1869385571896327
1946.0 6544778.851863599 2.2469944251414358
1996.0 6538610.089698415 2.3071630872749442
2046.0 6532754.275186194 2.367438300841622
2096.0 6527229.530434803 2.4278130971268306
2146.0 6522051.671764112 2.4882797224668987
2196.0 6517233.727642572 2.548829515174466
2246.0 6512785.349852999 2.609452819738721
2296.0 6508712.096743542 2.670138838973987
2346.0 6505014.5112868715 2.730875406248679
2396.0 6501687.006046455 2.791648831906312
2446.0 6498716.489479641 2.8524436197906904
2496.0 6496080.670200511 2.9132421398543356
2546.0 6493746.26061561 2.9740249160976893
2596.0 6491666.862621385 3.034769875081426
2646.0 6489780.771219275 3.0954528050060612
2696.0 6488007.847417549 3.156045175978412
2746.0 6486245.456066889 3.2165139409657937
2796.0 6484363.035667776 3.2768173664415925
2846.0 6482191.799141083 3.336895233044807
2893.3944351338714 6479658.953371252 3.3935372762307945
2943.3944351338714 6476161.719088154 3.452771175025617
2989.7813305900545 6471690.245809454 3.5068420556723394
3027.919878621751 6466580.793412167 3.549959547461152
3053.1471218659785 6462110.126034779 3.5770094857469057
3066.1654996456837 6459343.892556231 3.5900997036691
3076.6462058993015 6456853.666952971 3.599962298290926
3083.0577570316013 6455210.202732204 3.605603875867692
3089.33933494465 6453513.860291702 3.6107809206351753
3094.2810276906202 6452123.198204471 3.6145777462552213
3098.8192996455264 6450807.045592034 3.617829761403083
3102.8527827678377 6449610.395181153 3.62051893824122
3107.1280381379293 6448320.0858731745 3.623152735642783
3112.402336663138 6446706.777089857 3.6260862097321565
3117.8694625500293 6445022.708765331 3.628756811351619
3125.8169402854496 6442583.09396798 3.631988297965848
3131.6506220260035 6440817.13768459 3.633907467393456
3136.8654509906137 6439263.6565009225 3.6353371931977234
3142.1142818617664 6437726.384483895 3.636539031271619
3147.1647647759096 6436272.532477279 3.637501992601826
3152.435810714277 6434780.20549753 3.638335496813883
3157.7393018839707 6433302.381692066 3.639025667692482
3162.593742497699 6431968.741895068 3.63954818378206
3168.8542176810947 6430272.8397410875 3.640095204062332
3174.678543518005 6428718.90385803 3.640498911975325
3181.6720583496976 6426885.517873047 3.6408764235358393
3187.1570688055667 6425476.869935831 3.6411061884134686
3191.9301604494085 6424276.780847262 3.641267200045956
3197.4109238427795 6422934.048761419 3.6414148397257295
3201.902878060472 6421866.381072658 3.6415109083326223
3206.2593808840875 6420863.813951385 3.6415860300611267
3210.4222071810304 6419940.327838371 3.641643677971929
3215.1442853477747 6418937.167069677 3.641695073471086
3218.4474682173027 6418264.484746352 3.6417236246763625
3221.7745540076876 6417611.294680876 3.6417472327343487
3224.788948913926 6417041.029954163 3.641764799404687
3227.641441463441 6416520.153001326 3.6417785646920646
3230.314004778377 6416048.429978402 3.641789299981572
3233.388922440873 6415524.7352174 3.641799450401185
3237.321017177657 6414883.507213202 3.641809594760685
3240.60019901824 6414371.928399823 3.641816087227474
3243.8378290928995 6413886.284881112 3.6418210982125188
3247.38125127879 6413375.584376053 3.6418253118543475
3255.251031793739 6412311.171539104 3.6418312859073336
3261.651190127328 6411508.702183493 3.6418339178577126
3266.682500366796 6410912.828134934 3.641835151111677
3272.3303437656 6410276.456715479 3.6418359932886717
3277.772957310495 6409692.7906447435 3.6418364659534204
3281.8459572195393 6409273.353682776 3.6418366835254123
3287.583565033008 6408705.569105098 3.641836868375349
3294.8140290189745 6408025.059484359 3.6418369847030676
3302.7966008860767 6407314.73700398 3.6418370391755386
3307.872543476645 6406883.376604539 3.64183705478809
3313.6717276541253 6406408.1873074705 3.64183706395325
3322.3432570685072 6405729.889507834 3.6418370695351716
3328.1376431237763 6405296.502129881 3.641837070917029
3333.7557109255144 6404890.507276905 3.6418370715241797
3340.2157493724626 6404439.653973475 3.641837071821283
3345.0631529699585 6404111.912156167 3.6418370719166897
3351.387956568196 6403697.002203367 3.641837071970868
3359.1680532328023 6403205.342473103 3.6418370719934328
3364.5962466501196 6402873.725810347 3.6418370719986695
3368.6081691575555 6402634.11918619 3.64183707200041
3375.1137329065755 6402254.878835534 3.641837072001601
3379.6738775781096 6401995.6084203785 3.641837072001912
3384.1539364888745 6401745.940829737 3.6418370720020485
3389.6786619797194 6401444.620238575 3.6418370720021174
3394.870558535364 6401167.800476216 3.6418370720021405
3398.932613236798 6400955.311503002 3.6418370720021485
3404.6901143002433 6400660.073335695 3.641837072002152
3410.27283576544 6400380.156153276 3.6418370720021525
3414.8468265407864 6400155.308662586 3.6418370720021525
3419.349193886978 6399937.798011336 3.6418370720021525
3425.2858682606297 6399656.597525197 3.6418370720021525
3429.782925473586 6399447.641359389 3.6418370720021525
3435.092301523285 6399205.278935515 3.6418370720021525
3440.7756153293526 6398950.847498932 3.6418370720021525
3446.495761260337 6398699.795090279 3.6418370720021525
3452.3708698529817 6398447.025699667 3.6418370720021525
3458.2016428622846 6398201.061959579 3.6418370720021525
3463.5760746553397 6397978.485186884 3.6418370720021525
3468.7279177549226 6397768.738020041 3.6418370720021525
3473.635419596037 6397572.105115602 3.6418370720021525
3479.415824432812 6397344.344683466 3.6418370720021525
3484.574683632383 6397144.480808288 3.6418370720021525
3489.85194996733 6396943.245911291 3.6418370720021525
3495.048707631154 6396748.1713422425 3.6418370720021525
3500.551044047085 6396544.843166275 3.6418370720021525
3506.302373841255 6396335.75724003 3.6418370720021525
3513.73273292364 6396070.676258558 3.6418370720021525
3518.5436623180663 6395901.954748211 3.6418370720021525
3523.906936528889 6395716.494116099 3.6418370720021525
3530.893355488877 6395478.958217509 3.6418370720021525
3536.0666445777724 6395305.904632602 3.6418370720021525
3541.221730586938 6395135.794993167 3.6418370720021525
3546.963969607885 6394948.9967513075 3.6418370720021525
3553.1120016183713 6394752.0305933645 3.6418370720021525
3559.445897226842 6394552.287762423 3.6418370720021525
3566.3652000666407 6394337.650688994 3.6418370720021525
3572.316279802493 6394155.958557512 3.6418370720021525
3575.9458969611583 6394046.404609031 3.6418370720021525
3582.3231591865124 6393856.239364064 3.6418370720021525
3588.872107036866 6393663.916544654 3.6418370720021525
3594.664399465045 6393496.220014047 3.6418370720021525
3600.138385485268 6393339.762680704 3.6418370720021525
3607.2635086250993 6393139.042906724 3.6418370720021525
3613.6202156502322 6392962.684104149 3.6418370720021525
3619.477616492533 6392802.3353077425 3.6418370720021525
3625.155762847584 6392648.825679141 3.6418370720021525
3629.601168641307 6392529.952286118 3.6418370720021525
3635.672700465777 6392369.4514343375 3.6418370720021525
3641.8700332487106 6392207.702493908 3.6418370720021525
3647.7630689257685 6392055.8273302205 3.6418370720021525
3651.950095958418 6391949.021931112 3.6418370720021525
3658.7747804228957 6391776.928607813 3.6418370720021525
3663.608854439964 6391656.428215535 3.6418370720021525
3668.2157628563677 6391542.661612673 3.6418370720021525
3675.5467436150902 6391363.806207929 3.6418370720021525
3680.972971194967 6391233.018424438 3.6418370720021525
3687.1922201602124 6391084.867643503 3.6418370720021525
3692.8713041301107 6390951.044666545 3.6418370720021525
3697.232140393932 6390849.252201799 3.6418370720021525
3701.639955587949 6390747.182586964 3.6418370720021525
3708.207298404848 6390596.64581836 3.6418370720021525
3712.554004112004 6390497.958162518 3.6418370720021525
3717.16368447085 6390394.135203891 3.6418370720021525
3722.592993449994 6390272.925738391 3.6418370720021525
3726.8716342499497 6390178.210979257 3.6418370720021525
3732.5535992085024 6390053.483484185 3.6418370720021525
3737.229500283388 6389951.766657554 3.6418370720021525
3742.223666619719 6389844.004395385 3.6418370720021525
3747.9903872172886 6389720.722781413 3.6418370720021525
3755.545643834157 6389560.988246792 3.6418370720021525
3761.1007658939743 6389444.767927458 3.6418370720021525
3767.758989167156 6389306.921591314 3.6418370720021525
3772.7916419614667 6389203.688524966 3.6418370720021525
3777.506813474142 6389107.711848073 3.6418370720021525
3784.7571087676774 6388961.53735375 3.6418370720021525
3790.3407411321095 6388850.077033967 3.6418370720021525
3795.347572016266 6388750.968903188 3.6418370720021525
3800.4314404886527 6388651.121422201 3.6418370720021525
3805.5293778949126 6388551.779281172 3.6418370720021525
3810.4997166719736 6388455.668320067 3.6418370720021525
3815.9983918775847 6388350.154650692 3.6418370720021525
3821.531321052628 6388244.8622601945 3.6418370720021525
3827.788883410653 6388126.837645838 3.6418370720021525
3833.800568385496 6388014.486414733 3.6418370720021525
3838.4570478668575 6387928.103081103 3.6418370720021525
3843.4617768189423 6387835.920348871 3.6418370720021525
3849.3671782458305 6387728.014838356 3.6418370720021525
3854.4103979792353 6387636.566840358 3.6418370720021525
3859.2872596593425 6387548.770784232 3.6418370720021525
3864.8890673499404 6387448.656034699 3.6418370720021525
3870.421336577301 6387350.556092003 3.6418370720021525
3876.383504661479 6387245.655789682 3.6418370720021525
3881.8484909917815 6387150.272058437 3.6418370720021525
3888.1268451289866 6387041.54554261 3.6418370720021525
3894.141485448313 6386938.261569818 3.6418370720021525
3899.8133235478645 6386841.622866995 3.6418370720021525
3906.3394329417415 6386731.3375125965 3.6418370720021525
3912.2682326032136 6386631.960457175 3.6418370720021525
3918.9267511472412 6386521.286171226 3.6418370720021525
3924.5033251778013 6386429.302339768 3.6418370720021525
3931.2391235025984 6386319.107025653 3.6418370720021525
3937.1612068421778 6386222.983697804 3.6418370720021525
3941.7626915038986 6386148.779761407 3.6418370720021525
3947.906764967987 6386050.397923412 3.6418370720021525
3954.100604035314 6385951.981382069 3.6418370720021525
3959.9129789981093 6385860.329984502 3.6418370720021525
3966.2077997495167 6385761.790090278 3.6418370720021525
3969.2922430350372 6385713.785274308 3.6418370720021525
3974.4308491167994 6385634.163881761 3.6418370720021525
3980.328219679232 6385543.4290201785 3.6418370720021525
3986.516191689697 6385448.927515161 3.6418370720021525
3993.003216996313 6385350.605555686 3.6418370720021525
3999.5279002665748 6385252.473970879 3.6418370720021525
4005.999356017553 6385155.885684297 3.6418370720021525
4012.6464955796996 6385057.428396383 3.6418370720021525
4017.800822700165 6384981.634337806 3.6418370720021525
4023.115557939696 6384903.910537717 3.6418370720021525
4028.504726204301 6384825.548360724 3.6418370720021525
4034.6752572696564 6384736.430290251 3.6418370720021525
4040.717094282404 6384649.792378538 3.6418370720021525
4047.431168661609 6384554.212156507 3.6418370720021525
4053.705470083358 6384465.549193224 3.6418370720021525
4058.420903031266 6384399.322822768 3.6418370720021525
4063.571926550711 6384327.303370979 3.6418370720021525
4069.6238644596338 6384243.227785883 3.6418370720021525
4076.3294928293312 6384150.752212496 3.6418370720021525
4080.9104815335554 6384088.015422398 3.6418370720021525
4086.3868690223535 6384013.326895769 3.6418370720021525
4093.256616537938 6383920.263176755 3.6418370720021525
4098.538504971883 6383849.141041512 3.6418370720021525
4105.567175744486 6383755.176439677 3.6418370720021525
4108.621218134448 6383714.584658861 3.6418370720021525
4114.844752293068 6383632.168606313 3.6418370720021525
4121.156016887828 6383549.154604824 3.6418370720021525
4128.721960241332 6383450.363317725 3.6418370720021525
4134.479736038007 6383375.745989638 3.6418370720021525
4138.358697240884 6383325.652185421 3.6418370720021525
4144.313287626266 6383249.154456126 3.6418370720021525
4151.885790868588 6383152.5770983165 3.6418370720021525
4157.446451933512 6383082.171983249 3.6418370720021525
4162.043071167227 6383024.184461635 3.6418370720021525
4168.014441234696 6382949.255117354 3.6418370720021525
4175.63082428436 6382854.376518635 3.6418370720021525
4179.462542840362 6382806.951560035 3.6418370720021525
4185.830478215043 6382728.4033616595 3.6418370720021525
4192.168237474561 6382650.723753257 3.6418370720021525
4196.437227678296 6382598.746634918 3.6418370720021525
4202.839899888094 6382521.058449824 3.6418370720021525
4209.521909627034 6382440.468190076 3.6418370720021525
4216.959980610061 6382351.409994172 3.6418370720021525
4220.182612122021 6382313.065786606 3.6418370720021525
4227.811816570341 6382222.610544262 3.6418370720021525
4235.174954556322 6382135.899604069 3.6418370720021525
4242.845156364242 6382046.212403681 3.6418370720021525
4249.167657573202 6381972.81228978 3.6418370720021525
4254.063013263133 6381916.179151367 3.6418370720021525
4259.066409087349 6381858.508695517 3.6418370720021525
4263.082140844941 6381812.367580745 3.6418370720021525
4268.055542064053 6381755.416607506 3.6418370720021525
4274.109535671567 6381686.363284944 3.6418370720021525
4278.3137742320805 6381638.583525616 3.6418370720021525
4283.715623805318 6381577.394936123 3.6418370720021525
4288.298866105296 6381525.666907306 3.6418370720021525
4292.83858714185 6381474.5952056525 3.6418370720021525
4297.974612948131 6381417.013522322 3.6418370720021525
4303.5574785156305 6381354.661981171 3.6418370720021525
4309.5412849329105 6381288.093995793 3.6418370720021525
4315.178068515781 6381225.627804659 3.6418370720021525
4319.677639567827 6381175.944306476 3.6418370720021525
4324.225209109481 6381125.885948543 3.6418370720021525
4328.777587981833 6381075.929400257 3.6418370720021525
4333.424270587037 6381025.095784056 3.6418370720021525
4338.115165772355 6380973.9382780595 3.6418370720021525
4342.776718779377 6380923.260953245 3.6418370720021525
4347.379741513397 6380873.376159972 3.6418370720021525
4352.232566724375 6380820.947948354 3.6418370720021525
4356.655688030864 6380773.309046303 3.6418370720021525
4361.5259530070225 6380721.01414982 3.6418370720021525
4367.175835964935 6380660.563148842 3.6418370720021525
4373.1574146684225 6380596.805866876 3.6418370720021525
4379.494147656829 6380529.517129175 3.6418370720021525
4383.977580911496 6380482.081902043 3.6418370720021525
4388.900785748689 6380430.146139314 3.6418370720021525
4393.442870092203 6380382.380172751 3.6418370720021525
4398.828315180421 6380325.9144802885 3.6418370720021525
4403.774126561362 6380274.231843547 3.6418370720021525
4408.653669200904 6380223.400193133 3.6418370720021525
4413.682741609922 6380171.173541556 3.6418370720021525
4418.258910156639 6380123.793221628 3.6418370720021525
4423.141705440588 6380073.385901951 3.6418370720021525
4428.093788178396 6380022.418647528 3.6418370720021525
4433.517201072618 6379966.780974711 3.6418370720021525
4438.1953806686315 6379918.934381154 3.6418370720021525
4442.6313957682705 6379873.691246654 3.6418370720021525
4447.447596985508 6379824.709472423 3.6418370720021525
4452.437239755686 6379774.113455239 3.6418370720021525
4457.329945172802 6379724.64895689 3.6418370720021525
4462.418416737964 6379673.357674757 3.6418370720021525
4467.390239061218 6379623.393045203 3.6418370720021525
4472.324407666549 6379573.952931251 3.6418370720021525
4477.165285986795 6379525.588405522 3.6418370720021525
4482.351464466563 6379473.924667589 3.6418370720021525
4487.313704497096 6379424.6404121285 3.6418370720021525
4492.285577645403 6379375.405611988 3.6418370720021525
4497.099170890157 6379327.873899229 3.6418370720021525
4501.090152803277 6379288.571719975 3.6418370720021525
4506.26436121832 6379237.742570173 3.6418370720021525
4512.1282252333285 6379180.315688711 3.6418370720021525
4516.615880898229 6379136.503943484 3.6418370720021525
4520.738075301692 6379096.358819195 3.6418370720021525
4527.192865848839 6379033.676456067 3.6418370720021525
4530.83400193618 6378998.424422175 3.6418370720021525
4536.26888278785 6378945.934831524 3.6418370720021525
4539.927044759346 6378910.688485342 3.6418370720021525
4545.380927911137 6378858.285625657 3.6418370720021525
4549.8251519590785 6378815.694630317 3.6418370720021525
4555.210931640663 6378764.227581637 3.6418370720021525
4560.864983560652 6378710.363280606 3.6418370720021525
4566.33884669895 6378658.373766086 3.6418370720021525
4571.082069889266 6378613.444513448 3.6418370720021525
4575.918758992883 6378567.750127876 3.6418370720021525
4580.773260395557 6378522.009846629 3.6418370720021525
4585.861032600524 6378474.203138709 3.6418370720021525
4591.046195150057 6378425.616473576 3.6418370720021525
4596.113270381477 6378378.269001027 3.6418370720021525
4601.578862214092 6378327.336542305 3.6418370720021525
4605.346822932518 6378292.320314353 3.6418370720021525
4610.982884964413 6378240.06072899 3.6418370720021525
4616.453796750572 6378189.48031911 3.6418370720021525
4622.088383313472 6378137.538364019 3.6418370720021525
4628.351228134002 6378079.979942947 3.6418370720021525
4632.953068064456 6378037.81606818 3.6418370720021525
4639.384686668122 6377979.04221247 3.6418370720021525
4644.7610857491145 6377930.0677751545 3.6418370720021525
4649.341063260713 6377888.459320899 3.6418370720021525
4654.349509293219 6377843.06588796 3.6418370720021525
4658.267139675751 6377807.634975718 3.6418370720021525
4663.0460539375645 6377764.5091478685 3.6418370720021525
4667.940774867203 6377720.447992613 3.6418370720021525
4673.164696044968 6377673.5479424605 3.6418370720021525
4678.528910166099 6377625.518601647 3.6418370720021525
4683.7300380231545 6377579.075442534 3.6418370720021525
4688.146908569594 6377539.733523177 3.6418370720021525
4693.4437275160035 6377492.661073216 3.6418370720021525
4698.09691643366 6377451.409484224 3.6418370720021525
4702.480883665934 6377412.625422976 3.6418370720021525
4707.467299038022 6377368.615316186 3.6418370720021525
4712.541217699084 6377323.947400651 3.6418370720021525
4718.040495514333 6377275.6632938385 3.6418370720021525
4723.591149142952 6377227.059643857 3.6418370720021525
4727.149925471831 6377195.975464639 3.6418370720021525
4730.9314849469065 6377162.98617671 3.6418370720021525
4736.216764891356 6377116.986902005 3.6418370720021525
4741.763228276094 6377068.8418147275 3.6418370720021525
4747.4150604345 6377019.914078214 3.6418370720021525
4752.6979385475315 6376974.300313286 3.6418370720021525
4758.1381967006155 6376927.451090724 3.6418370720021525
4763.4901709859605 6376881.481111485 3.6418370720021525
4767.583715984469 6376846.401904675 3.6418370720021525
4771.464801742353 6376813.192795582 3.6418370720021525
4777.43858762783 6376762.206787042 3.6418370720021525
4782.342553828413 6376720.451632718 3.6418370720021525
4787.728657691145 6376674.708222371 3.6418370720021525
4793.67087312877 6376624.373897519 3.6418370720021525
4799.510111686351 6376575.047498209 3.6418370720021525
4805.120787592884 6376527.778905443 3.6418370720021525
4808.733879796804 6376497.411939443 3.6418370720021525
4813.895477714731 6376454.102379876 3.6418370720021525
4819.212814599759 6376409.590898524 3.6418370720021525
4824.7051765541755 6376363.727613148 3.6418370720021525
4830.829905385251 6376312.7216082495 3.6418370720021525
4835.935939387713 6376270.300120858 3.6418370720021525
4842.005919536554 6376220.004422674 3.6418370720021525
4847.386883790567 6376175.532951646 3.6418370720021525
4853.233450056302 6376127.33582015 3.6418370720021525
4856.74409201787 6376098.464161463 3.6418370720021525
4862.16258574508 6376053.973396835 3.6418370720021525
4867.498028473484 6376010.267250225 3.6418370720021525
4873.243385411702 6375963.3191091735 3.6418370720021525
4878.1352955213915 6375923.433513309 3.6418370720021525
4884.04069046556 6375875.4073950965 3.6418370720021525
4889.677861605312 6375829.681346119 3.6418370720021525
4893.765975682878 6375796.594749042 3.6418370720021525
4897.812333106872 6375763.888431054 3.6418370720021525
4903.1226902493 6375721.0569988545 3.6418370720021525
4909.117821767199 6375672.82597935 3.6418370720021525
4914.891873426065 6375626.494006178 3.6418370720021525
4919.342414336103 6375590.868336139 3.6418370720021525
4923.965566552454 6375553.92074193 3.6418370720021525
4930.179828096633 6375504.373638553 3.6418370720021525
4935.673134794918 6375460.679323332 3.6418370720021525
4941.632825299497 6375413.390657675 3.6418370720021525
4947.3073383760675 6375368.473440694 3.6418370720021525
4953.741255746489 6375317.6797910165 3.6418370720021525
4959.787030522517 6375270.07205031 3.6418370720021525
4966.431531547579 6375217.8896554075 3.6418370720021525
4972.816869744754 6375167.8778703585 3.6418370720021525
4979.194597966295 6375118.0555338 3.6418370720021525
4985.564574171402 6375068.426426223 3.6418370720021525
4991.6892214218415 6375020.827514867 3.6418370720021525
4998.144370587117 6374970.7910363795 3.6418370720021525
5004.229533031486 6374923.741630311 3.6418370720021525
5010.340669757501 6374876.610984063 3.6418370720021525
5015.183240243546 6374839.353663572 3.6418370720021525
5019.356328242866 6374807.296604734 3.6418370720021525
5025.018369635773 6374763.883834321 3.6418370720021525
5030.9897299769245 6374718.206627171 3.6418370720021525
5036.677658336278 6374674.80043907 3.6418370720021525
5042.67671562604 6374629.133188805 3.6418370720021525
5046.6475763811995 6374598.969448438 3.6418370720021525
5051.679087700011 6374560.801928611 3.6418370720021525
5058.26028706997 6374510.999351771 3.6418370720021525
5064.826596058449 6374461.438285793 3.6418370720021525
5070.129109558051 6374421.50059504 3.6418370720021525
5076.533537158022 6374373.382057279 3.6418370720021525
5082.828392176399 6374326.205898791 3.6418370720021525
5087.008253730632 6374294.953847298 3.6418370720021525
5092.048209291985 6374257.321554835 3.6418370720021525
5097.718833304245 6374215.065389223 3.6418370720021525
5103.375504378869 6374173.004126836 3.6418370720021525
5110.0390287356895 6374123.579351319 3.6418370720021525
5116.3267100967905 6374077.060510878 3.6418370720021525
5120.715442844176 6374044.66443851 3.6418370720021525
5126.580140701314 6374001.443576125 3.6418370720021525
5132.061049186863 6373961.132993064 3.6418370720021525
5137.455173878993 6373921.538814626 3.6418370720021525
5144.06321859459 6373873.152069473 3.6418370720021525
5150.557937482032 6373825.713611485 3.6418370720021525
5156.329147743297 6373783.662250206 3.6418370720021525
5161.8380955248085 6373743.60167686 3.6418370720021525
5166.813944808798 6373707.483165808 3.6418370720021525
5173.116514490871 6373661.829155453 3.6418370720021525
5179.516272498757 6373615.579571316 3.6418370720021525
5185.731172234007 6373570.768061351 3.6418370720021525
5192.312585874925 6373523.428183572 3.6418370720021525
5198.896529884547 6373476.186790444 3.6418370720021525
5205.122209238988 6373431.622134429 3.6418370720021525
5209.322155134031 6373401.617903141 3.6418370720021525
5215.401931636179 6373358.2531923205 3.6418370720021525
5221.453808320842 6373315.178321774 3.6418370720021525
5228.062655495688 6373268.248885959 3.6418370720021525
5234.232597193762 6373224.537011867 3.6418370720021525
5240.791984838612 6373178.178270799 3.6418370720021525
5244.470280152748 6373152.235619051 3.6418370720021525
5249.678134895435 6373115.542757889 3.6418370720021525
5255.682856246318 6373073.322527102 3.6418370720021525
5262.132938076485 6373028.080271956 3.6418370720021525
5266.756735937958 6372995.717114896 3.6418370720021525
5272.346535742018 6372956.649145372 3.6418370720021525
5278.196084373401 6372915.843192234 3.6418370720021525
5284.088446278808 6372874.824687078 3.6418370720021525
5290.420871803672 6372830.847239956 3.6418370720021525
5293.394481454908 6372810.229822457 3.6418370720021525
5299.061348591522 6372770.982555719 3.6418370720021525
5305.706030078294 6372725.070697512 3.6418370720021525
5311.3341968052 6372686.27397017 3.6418370720021525
5315.327509195254 6372658.784952436 3.6418370720021525
5321.499654157097 6372616.3666872475 3.6418370720021525
5328.435784256708 6372568.806902139 3.6418370720021525
5335.367844308326 6372521.387695233 3.6418370720021525
5342.286103659412 6372474.175741892 3.6418370720021525
5349.095950324363 6372427.81576984 3.6418370720021525
5351.529538331703 6372411.277867618 3.6418370720021525
5357.333705704276 6372371.86850487 3.6418370720021525
5364.2371732482125 6372325.104672727 3.6418370720021525
5369.776990435139 6372287.665760275 3.6418370720021525
5375.544475831621 6372248.754144476 3.6418370720021525
5381.485264365519 6372208.744378767 3.6418370720021525
5388.154010002499 6372163.926163072 3.6418370720021525
5394.86574589677 6372118.917442362 3.6418370720021525
5401.370308756438 6372075.395173648 3.6418370720021525
5406.29159387032 6372042.541290657 3.6418370720021525
5411.236184844793 6372009.570450068 3.6418370720021525
5418.001235903672 6371964.548086165 3.6418370720021525
5424.757619935368 6371919.679957144 3.6418370720021525
5431.694316384633 6371873.71881844 3.6418370720021525
5438.991132340493 6371825.486109848 3.6418370720021525
5444.868274388746 6371786.727418105 3.6418370720021525
5450.412429809457 6371750.228075875 3.6418370720021525
5455.292842023194 6371718.138541542 3.6418370720021525
5462.433833099608 6371671.285934907 3.6418370720021525
5469.609686813587 6371624.314334306 3.6418370720021525
5476.230212793892 6371581.079895173 3.6418370720021525
5480.8189843392865 6371551.169319069 3.6418370720021525
5485.932310971903 6371517.873726317 3.6418370720021525
5492.636636582872 6371474.3075036425 3.6418370720021525
5498.932341992751 6371433.491666077 3.6418370720021525
5503.245212770053 6371405.574971811 3.6418370720021525
5509.066283451907 6371367.942439132 3.6418370720021525
5516.185505718783 6371322.017420604 3.6418370720021525
5523.476169079046 6371275.095061778 3.6418370720021525
5528.79810452899 6371240.921329706 3.6418370720021525
5532.97069438385 6371214.152889444 3.6418370720021525
5539.108211412316 6371174.842624356 3.6418370720021525
5544.858310982609 6371138.097558549 3.6418370720021525
5548.484699739884 6371114.946338762 3.6418370720021525
5555.599112385588 6371069.604802804 3.6418370720021525
5562.65997457692 6371024.7045991225 3.6418370720021525
5568.803790138762 6370985.725734981 3.6418370720021525
5579.474441260132 6370918.033022871 3.6418370720021525
5590.175625059486 6370850.145895139 3.6418370720021525
5600.847984477135 6370782.440905216 3.6418370720021525
5611.437087861735 6370715.263375127 3.6418370720021525
5622.121381137028 6370647.481242049 3.6418370720021525
5632.720984102167 6370580.235677771 3.6418370720021525
5643.27800345436 6370513.259564815 3.6418370720021525
5653.998251614681 6370445.247172995 3.6418370720021525
5664.557869152108 6370378.2531570075 3.6418370720021525
5675.289255284784 6370310.168659526 3.6418370720021525
5685.864425744591 6370243.074547185 3.6418370720021525
5696.485428782573 6370175.688939652 3.6418370720021525
5707.201770406916 6370107.69772916 3.6418370720021525
5717.808670612914 6370040.400167927 3.6418370720021525
